Generating data ...

A = 

   1   4
   2   3

b = 

   11
   12

Solving ...

x = 

   3
   2

Check with A_6 = 

Partial pivoting ...

p * A * q = l * u

   1   0   0   0   0   0
   0   0   0   1   0   0
   0   1   0   0   0   0
   0   0   0   0   0   1
   0   0   0   0   1   0
   0   0   1   0   0   0

*

   1.000000   0.500000   0.333333   0.250000   0.200000   0.166667
   0.500000   0.333333   0.250000   0.200000   0.166667   0.142857
   0.333333   0.250000   0.200000   0.166667   0.142857   0.125000
   0.250000   0.200000   0.166667   0.142857   0.125000   0.111111
   0.200000   0.166667   0.142857   0.125000   0.111111   0.100000
   0.166667   0.142857   0.125000   0.111111   0.100000   0.090909

*

   1   0   0   0   0   0
   0   1   0   0   0   0
   0   0   1   0   0   0
   0   0   0   1   0   0
   0   0   0   0   1   0
   0   0   0   0   0   1

 = 

   1.00000   0.00000   0.00000   0.00000   0.00000   0.00000
   0.25000   1.00000   0.00000   0.00000   0.00000   0.00000
   0.50000   0.90000   1.00000   0.00000   0.00000   0.00000
   0.16667   0.71429  -0.93333   1.00000   0.00000   0.00000
   0.20000   0.80000   0.85333  -0.14286   1.00000   0.00000
   0.33333   1.00000   0.56000  -0.21429   1.12500   1.00000

*

   1.00000   0.50000   0.33333   0.25000   0.20000   0.16667
   0.00000   0.08333   0.08889   0.08333   0.07619   0.06944
   0.00000   0.00000   0.00595   0.00992   0.01224   0.01353
   0.00000   0.00000   0.00000   0.00093   0.00190   0.00271
   0.00000   0.00000   0.00000   0.00000  -0.00002  -0.00005
   0.00000   0.00000   0.00000   0.00000   0.00000   0.00000

<=>

   1.000000   0.500000   0.333333   0.250000   0.200000   0.166667
   0.250000   0.200000   0.166667   0.142857   0.125000   0.111111
   0.500000   0.333333   0.250000   0.200000   0.166667   0.142857
   0.166667   0.142857   0.125000   0.111111   0.100000   0.090909
   0.200000   0.166667   0.142857   0.125000   0.111111   0.100000
   0.333333   0.250000   0.200000   0.166667   0.142857   0.125000

=

   1.000000   0.500000   0.333333   0.250000   0.200000   0.166667
   0.250000   0.208333   0.172222   0.145833   0.126190   0.111111
   0.500000   0.325000   0.252619   0.209921   0.180816   0.159361
   0.166667   0.142857   0.113492   0.092857   0.078231   0.067460
   0.200000   0.166667   0.142857   0.125000   0.111111   0.100000
   0.333333   0.250000   0.203333   0.172024   0.149286   0.131944

Check with A_6 = 

Full pivoting ...

p * A * q = l * u

   1   0   0   0   0   0
   0   0   0   1   0   0
   0   1   0   0   0   0
   0   0   0   0   0   1
   0   0   0   0   1   0
   0   0   1   0   0   0

*

   1.000000   0.500000   0.333333   0.250000   0.200000   0.166667
   0.500000   0.333333   0.250000   0.200000   0.166667   0.142857
   0.333333   0.250000   0.200000   0.166667   0.142857   0.125000
   0.250000   0.200000   0.166667   0.142857   0.125000   0.111111
   0.200000   0.166667   0.142857   0.125000   0.111111   0.100000
   0.166667   0.142857   0.125000   0.111111   0.100000   0.090909

*

   1   0   0   0   0   0
   0   1   0   0   0   0
   0   0   1   0   0   0
   0   0   0   1   0   0
   0   0   0   0   1   0
   0   0   0   0   0   1

 = 

   1.00000   0.00000   0.00000   0.00000   0.00000   0.00000
   0.25000   1.00000   0.00000   0.00000   0.00000   0.00000
   0.50000   0.90000   1.00000   0.00000   0.00000   0.00000
   0.16667   0.71429  -0.93333   1.00000   0.00000   0.00000
   0.20000   0.80000   0.85333  -0.14286   1.00000   0.00000
   0.33333   1.00000   0.56000  -0.21429   1.12500   1.00000

*

   1.00000   0.50000   0.33333   0.25000   0.20000   0.16667
   0.00000   0.08333   0.08889   0.08333   0.07619   0.06944
   0.00000   0.00000   0.00595   0.00992   0.01224   0.01353
   0.00000   0.00000   0.00000   0.00093   0.00190   0.00271
   0.00000   0.00000   0.00000   0.00000  -0.00002  -0.00005
   0.00000   0.00000   0.00000   0.00000   0.00000   0.00000

<=>

   1.000000   0.500000   0.333333   0.250000   0.200000   0.166667
   0.250000   0.200000   0.166667   0.142857   0.125000   0.111111
   0.500000   0.333333   0.250000   0.200000   0.166667   0.142857
   0.166667   0.142857   0.125000   0.111111   0.100000   0.090909
   0.200000   0.166667   0.142857   0.125000   0.111111   0.100000
   0.333333   0.250000   0.200000   0.166667   0.142857   0.125000

=

   1.000000   0.500000   0.333333   0.250000   0.200000   0.166667
   0.250000   0.208333   0.172222   0.145833   0.126190   0.111111
   0.500000   0.325000   0.252619   0.209921   0.180816   0.159361
   0.166667   0.142857   0.113492   0.092857   0.078231   0.067460
   0.200000   0.166667   0.142857   0.125000   0.111111   0.100000
   0.333333   0.250000   0.203333   0.172024   0.149286   0.131944

Done!

